  10000.0000     0.0000     0.0000     0.0000
      0.0000 10000.0000     0.0000     0.0000
      0.0000     0.0000 10000.0000     0.0000
   2841.9646    66.3089     3.0579     0.0000
     66.3089  1477.7522     1.0869     0.0000
      3.0579     1.0869  1155.2279     0.0000
    100.0000     0.0000     0.0000     0.0000
      0.0000   100.0000     0.0000     0.0000
      0.0000     0.0000   100.0000     0.0000
   1534.5842    -2.2426    -7.2267     0.0000
     -2.2426  5044.2949     1.7829     0.0000
     -7.2267     1.7829  1551.6129     0.0000
    276.4305    -0.9666   -11.9180     0.0000
     -0.9666    66.3279     0.0941     0.0000
    -11.9180     0.0941    60.7799     0.0000
    100.0000     0.0000     0.0000     0.0000
      0.0000   100.0000     0.0000     0.0000
      0.0000     0.0000   100.0000     0.0000
    292.9923    -3.0150   -35.2517     0.0000
     -3.0150   226.4997     2.8654     0.0000
    -35.2517     2.8654   282.6988     0.0000
     66.0187     2.9960    -0.5199     0.0000
      2.9960    13.5163     0.0115     0.0000
     -0.5199     0.0115    13.1593     0.0000
    100.0000     0.0000     0.0000     0.0000
      0.0000   100.0000     0.0000     0.0000
      0.0000     0.0000   100.0000     0.0000
     50.8932   -12.1793     5.6988     0.0000
    -12.1793    50.0612    -3.9988     0.0000
      5.6988    -3.9988    51.3991     0.0000
      1.2442     0.1256     0.5782     0.0000
      0.1256     1.1734     0.3081     0.0000
      0.5782     0.3081     3.9783     0.0000
      0.3673    -0.0020     0.1120     0.0000
     -0.0020     0.3987    -0.0231     0.0000
      0.1120    -0.0231     1.9350     0.0000
      0.1924     0.0002    -0.0676     0.0000
      0.0002     0.1764     0.0003     0.0000
     -0.0676     0.0003     0.2953     0.0000
    100.0000     0.0000     0.0000     0.0000
      0.0000   100.0000     0.0000     0.0000
      0.0000     0.0000   100.0000     0.0000
  10000.0000     0.0000     0.0000     0.0000
      0.0000 999999.875      0.000     0.0000
      0.0000     0.0000 10000.0000     0.0000
     80.9255     3.7838    -3.4569     0.0000
      3.7838    65.8877    -0.1378     0.0000
     -3.4569    -0.1378    85.1528     0.0000
     80.9255     3.7838    -3.4569     0.0000
      3.7838    65.8877    -0.1378     0.0000
     -3.4569    -0.1378    85.1528     0.0000
     80.9255     3.7838    -3.4569     0.0000
      3.7838    65.8877    -0.1378     0.0000
     -3.4569    -0.1378    85.1528     0.0000
     80.9255     3.7838    -3.4569     0.0000
      3.7838    65.8877    -0.1378     0.0000
     -3.4569    -0.1378    85.1528     0.0000
     80.9255     3.7838    -3.4569     0.0000
      3.7838    65.8877    -0.1378     0.0000
     -3.4569    -0.1378    85.1528     0.0000
     80.9255     3.7838    -3.4569     0.0000
      3.7838    65.8877    -0.1378     0.0000
     -3.4569    -0.1378    85.1528     0.0000
     80.9255     3.7838    -3.4569     0.0000
      3.7838    65.8877    -0.1378     0.0000
     -3.4569    -0.1378    85.1528     0.0000
     80.9255     3.7838    -3.4569     0.0000
      3.7838    65.8877    -0.1378     0.0000
     -3.4569    -0.1378    85.1528     0.0000
     80.9255     3.7838    -3.4569     0.0000
      3.7838    65.8877    -0.1378     0.0000
     -3.4569    -0.1378    85.1528     0.0000
     80.9255     3.7838    -3.4569     0.0000
      3.7838    65.8877    -0.1378     0.0000
     -3.4569    -0.1378    85.1528     0.0000
     80.9255     3.7838    -3.4569     0.0000
      3.7838    65.8877    -0.1378     0.0000
     -3.4569    -0.1378    85.1528     0.0000
     80.9255     3.7838    -3.4569     0.0000
      3.7838    65.8877    -0.1378     0.0000
     -3.4569    -0.1378    85.1528     0.0000
    207.4300     5.6033    -2.4449     0.0000
      5.6033   192.1808     6.9353     0.0000
     -2.4449     6.9353   116.3098     0.0000
    101.3164     4.0976   -36.5657     0.0000
      4.0976    84.4309    -4.5018     0.0000
    -36.5657    -4.5018   194.5701     0.0000
    999.9999     0.0000     0.0000     0.0000
      0.0000   999.9999     0.0000     0.0000
      0.0000     0.0000   999.9999     0.0000
    999.9999     0.0000     0.0000     0.0000
      0.0000   999.9999     0.0000     0.0000
      0.0000     0.0000   100.0000     0.0000
    999.9999     0.0000     0.0000     0.0000
      0.0000   999.9999     0.0000     0.0000
      0.0000     0.0000   100.0000     0.0000
    100.0000     0.0000     0.0000     0.0000
      0.0000   100.0000     0.0000     0.0000
      0.0000     0.0000   100.0000     0.0000
    999.9999     0.0000     0.0000     0.0000
      0.0000   999.9999     0.0000     0.0000
      0.0000     0.0000   999.9999     0.0000
    999.9999     0.0000     0.0000     0.0000
      0.0000   999.9999     0.0000     0.0000
      0.0000     0.0000   999.9999     0.0000
    100.0000     0.0000     0.0000     0.0000
      0.0000   100.0000     0.0000     0.0000
      0.0000     0.0000   100.0000     0.0000
    999.9999     0.0000     0.0000     0.0000
      0.0000   999.9999     0.0000     0.0000
      0.0000     0.0000   999.9999     0.0000
    999.9999     0.0000     0.0000     0.0000
      0.0000   999.9999     0.0000     0.0000
      0.0000     0.0000   999.9999     0.0000
    999.9999     0.0000     0.0000     0.0000
      0.0000   999.9999     0.0000     0.0000
      0.0000     0.0000   999.9999     0.0000
    999.9999     0.0000     0.0000     0.0000
      0.0000   999.9999     0.0000     0.0000
      0.0000     0.0000   999.9999     0.0000
  10000.0000     0.0000     0.0000     0.0000
      0.0000 999999.875      0.0000    0.0000
      0.0000     0.0000 10000.0000     0.0000
  10000.0000     0.0000     0.0000     0.0000
      0.0000 100000.007      0.0000    0.0000
      0.0000     0.0000 10000.0000     0.0000
  10000.0000     0.0000     0.0000     0.0000
      0.0000 999999.875      0.0000    0.0000
      0.0000     0.0000 10000.0000     0.0000
      1.2442     0.1256     0.5782     0.0000
      0.1256     1.1734     0.3081     0.0000
      0.5782     0.3081     3.9783     0.0000
     50.8932   -12.1793     5.6988     0.0000
    -12.1793    50.0612    -3.9988     0.0000
      5.6988    -3.9988    51.3991     0.0000
    100.0000     0.0000     0.0000     0.0000
      0.0000   100.0000     0.0000     0.0000
      0.0000     0.0000   100.0000     0.0000
     65.8666    -3.3097     0.6055     0.0000
     -3.3097    13.5467     0.0011     0.0000
      0.6055     0.0011    13.1484     0.0000
    292.9923    -3.0150   -35.2517     0.0000
     -3.0150   226.4997     2.8654     0.0000
    -35.2517     2.8654   282.6988     0.0000
    100.0000     0.0000     0.0000     0.0000
      0.0000   100.0000     0.0000     0.0000
      0.0000     0.0000   100.0000     0.0000
    999.9999     0.0000    -0.0001     0.0000
      0.0000   999.9999     0.0000     0.0000
      0.0000     0.0000  1000.0000     0.0000
    276.4305    -0.9666   -11.9180     0.0000
     -0.9666    66.3279     0.0941     0.0000
    -11.9180     0.0941    60.7799     0.0000
   1534.5842    -2.2426    -7.2267     0.0000
     -2.2426  5044.2949     1.7829     0.0000
     -7.2267     1.7829  1551.6129     0.0000
    100.0000     0.0000     0.0000     0.0000
      0.0000   100.0000     0.0000     0.0000
      0.0000     0.0000   100.0000     0.0000
   2841.9646    66.3089     3.0579     0.0000
     66.3089  1477.7522     1.0869     0.0000
      3.0579     1.0869  1155.2279     0.0000
  12983.8135   -87.2928   703.7329     0.0000
    -87.2927  5075.9248    81.0822     0.0000
    703.7330    81.0822  5562.8081     0.0000
  203269.531 -120188.99    0.0000     0.0000
  -120188.99 2172375.47    0.0000     0.0000
      0.0000     0.0000 64860.5156     0.0000
    999.9999     0.0000     0.0000     0.0000
      0.0000   999.9999     0.0000     0.0000
      0.0000     0.0000   999.9999     0.0000
  12990.6973   129.5812   598.1826     0.0000
    129.5813  5040.5850   -62.5271     0.0000
    598.1826   -62.5271  5551.2012     0.0000
  203269.5312 120188.9922    0.0000    0.0000
  120188.9922 172375.4688    0.0000    0.0000
      0.0000     0.0000 64860.5156     0.0000
    999.9999     0.0000     0.0000     0.0000
      0.0000   999.9999     0.0000     0.0000
      0.0000     0.0000   999.9999     0.0000
  10000.0000     0.0000     0.0000     0.0000
      0.0000 10000.0000     0.0000     0.0000
      0.0000     0.0000 10000.0000     0.0000
    999.9999    -0.0000    -0.0001     0.0000
     -0.0000   999.9999    -0.0000     0.0000
      0.0000    -0.0000  1000.0000     0.0000
  12983.8135   -87.2928   703.7329     0.0000
    -87.2927  5075.9248    81.0822     0.0000
    703.7330    81.0822  5562.8081     0.0000
    999.9999     0.0000     0.0000     0.0000
      0.0000   999.9999     0.0000     0.0000
      0.0000     0.0000   999.9999     0.0000
  12990.6973   129.5812   598.1826     0.0000
    129.5813  5040.5850   -62.5271     0.0000
    598.1826   -62.5271  5551.2012     0.0000
    999.9999     0.0000     0.0000     0.0000
      0.0000   999.9999     0.0000     0.0000
      0.0000     0.0000   999.9999     0.0000
  203269.5312 -120188.9922    0.0000    0.0000
  -120188.992 2172375.4688    0.0000    0.0000
      0.0000     0.0000 64860.5156     0.0000
  203269.5312 120188.9922    0.0000    0.0000
  120188.9922 172375.4688    0.0000    0.0000
      0.0000     0.0000 64860.5156     0.0000
